Starting ACO with 100 ants, 100 iterations.
Iteration 1:
  Ant 1 path: 0 10 9 8 14 15 3 2 1 0 10 11 12 13 14 8 9 10 0 1 2 3 15 16 17 18 19 5 4 3 15 16 17 18 19 5 6 7 8 14 15 3 4 5 19 20 21 22 23 24 25 26 27 28 29 30 31 32 33 34 35 36 37 38 39 40 41 42 43 44 45 46 47 48 49 50 51 52 53 54 55 56 57 58 59 60 61 62 63 64 65 66 67 68 69 70 71 72 73 74 75 76 77 78 79 80 81 82 83 84 85 86 87 88 89 90 91 92 93 94 95 96 97 98 99
  Ant 2 path: 0 10 11 12 13 14 8 7 6 5 19 18 17 16 15 3 4 5 19 18 17 16 15 3 2 1 0 10 9 8 14 15 3 2 1 0 10 11 12 13 14 15 3 4 5 19 18 17 16 15 3 4 5 19 20 21 22 23 24 25 26 27 28 29 30 31 32 33 34 35 36 37 38 39 40 41 42 43 44 45 46 47 48 49 50 51 52 53 54 55 56 57 58 59 60 61 62 63 64 65 66 67 68 69 70 71 72 73 74 75 76 77 78 79 80 81 82 83 84 85 86 87 88 89 90 91 92 93 94 95 96 97 98 99
  Ant 3 path: 0 10 11 12 13 14 8 7 6 5 19 20 21 22 23 24 25 26 27 28 29 30 31 32 33 34 35 36 37 38 39 40 41 42 43 44 45 46 47 48 49 50 51 52 53 54 55 56 57 58 59 60 61 62 63 64 65 66 67 68 69 70 71 72 73 74 75 76 77 78 79 80 81 82 83 84 85 86 87 88 89 90 91 92 93 94 95 96 97 98 99
  Ant 4 path: 0 10 9 8 14 13 12 11 10 0 1 2 3 15 16 17 18 19 5 4 3 15 16 17 18 19 5 4 3 15 14 8 7 6 5 19 20 21 22 23 24 25 26 27 28 29 30 31 32 33 34 35 36 37 38 39 40 41 42 43 44 45 46 47 48 49 50 51 52 53 54 55 56 57 58 59 60 61 62 63 64 65 66 67 68 69 70 71 72 73 74 75 76 77 78 79 80 81 82 83 84 85 86 87 88 89 90 91 92 93 94 95 96 97 98 99
  Ant 5 path: 0 10 9 8 7 6 5 19 20 21 22 23 24 25 26 27 28 29 30 31 32 33 34 35 36 37 38 39 40 41 42 43 44 45 46 47 48 49 50 51 52 53 54 55 56 57 58 59 60 61 62 63 64 65 66 67 68 69 70 71 72 73 74 75 76 77 78 79 80 81 82 83 84 85 86 87 88 89 90 91 92 93 94 95 96 97 98 99
  Ant 6 path: 0 10 9 8 14 13 12 11 10 0 1 2 3 15 14 8 7 6 5 19 18 17 16 15 3 4 5 19 20 21 22 23 24 25 26 27 28 29 30 31 32 33 34 35 36 37 38 39 40 41 42 43 44 45 46 47 48 49 50 51 52 53 54 55 56 57 58 59 60 61 62 63 64 65 66 67 68 69 70 71 72 73 74 75 76 77 78 79 80 81 82 83 84 85 86 87 88 89 90 91 92 93 94 95 96 97 98 99
  Ant 7 path: 0 10 9 8 14 13 12 11 10 0 1 2 3 15 16 17 18 19 5 4 3 15 16 17 18 19 5 6 7 8 14 13 12 11 10 0 1 2 3 15 14 8 9 10 0 1 2 3 15 16 17 18 19 5 4 3 15 16 17 18 19 5 6 7 8 14 13 12 11 10 0 1 2 3 15 14 8 9 10 0 1 2 3 15 14 8 9 10 0 1 2 3 15 14 8 7 6 5 19 20 21 22 23 24 25 26 27 28 29 30 31 32 33 34 35 36 37 38 39 40 41 42 43 44 45 46 47 48 49 50 51 52 53 54 55 56 57 58 59 60 61 62 63 64 65 66 67 68 69 70 71 72 73 74 75 76 77 78 79 80 81 82 83 84 85 86 87 88 89 90 91 92 93 94 95 96 97 98 99
  Ant 8 path: 0 10 11 12 13 14 8 7 6 5 19 18 17 16 15 3 2 1 0 10 9 8 14 13 12 11 10 0 1 2 3 15 16 17 18 19 5 6 7 8 14 13 12 11 10 0 1 2 3 15 16 17 18 19 5 4 3 15 16 17 18 19 20 21 22 23 24 25 26 27 28 29 30 31 32 33 34 35 36 37 38 39 40 41 42 43 44 45 46 47 48 49 50 51 52 53 54 55 56 57 58 59 60 61 62 63 64 65 66 67 68 69 70 71 72 73 74 75 76 77 78 79 80 81 82 83 84 85 86 87 88 89 90 91 92 93 94 95 96 97 98 99
  Ant 9 path: 0 10 11 12 13 14 8 9 10 0 1 2 3 15 16 17 18 19 5 4 3 15 16 17 18 19 5 6 7 8 14 13 12 11 10 0 1 2 3 15 16 17 18 19 5 6 7 8 14 13 12 11 10 0 1 2 3 15 14 8 9 10 0 1 2 3 15 14 8 9 10 11 12 13 14 8 9 10 0 1 2 3 15 16 17 18 19 5 6 7 8 14 15 3 2 1 0 10 9 8 14 13 12 11 10 0 1 2 3 15 16 17 18 19 5 4 3 2 1 0 10 9 8 14 15 3 4 5 6 7 8 14 13 12 11 10 0 1 2 3 15 16 17 18 19 5 4 3 15 16 17 18 19 20 21 22 23 24 25 26 27 28 29 30 31 32 33 34 35 36 37 38 39 40 41 42 43 44 45 46 47 48 49 50 51 52 53 54 55 56 57 58 59 60 61 62 63 64 65 66 67 68 69 70 71 72 73 74 75 76 77 78 79 80 81 82 83 84 85 86 87 88 89 90 91 92 93 94 95 96 97 98 99
  Ant 10 path: 0 10 11 12 13 14 8 9 10 0 1 2 3 15 16 17 18 19 5 4 3 15 16 17 18 19 5 6 7 8 14 15 3 2 1 0 10 9 8 14 13 12 11 10 0 1 2 3 15 14 8 9 10 0 1 2 3 15 16 17 18 19 20 21 22 23 24 25 26 27 28 29 30 31 32 33 34 35 36 37 38 39 40 41 42 43 44 45 46 47 48 49 50 51 52 53 54 55 56 57 58 59 60 61 62 63 64 65 66 67 68 69 70 71 72 73 74 75 76 77 78 79 80 81 82 83 84 85 86 87 88 89 90 91 92 93 94 95 96 97 98 99
  Ant 11 path: 0 10 9 8 14 13 12 11 10 9 8 7 6 5 19 18 17 16 15 3 2 1 0 10 11 12 13 14 8 9 10 0 1 2 3 15 16 17 18 19 5 4 3 15 16 17 18 19 5 4 3 15 16 17 18 19 5 4 3 15 16 17 18 19 5 6 7 8 14 13 12 11 10 0 1 2 3 15 16 17 18 19 5 6 7 8 14 15 3 2 1 0 10 11 12 13 14 8 9 10 11 12 13 14 8 9 10 0 1 2 3 15 16 17 18 19 5 4 3 15 14 8 9 10 0 1 2 3 15 16 17 18 19 5 4 3 15 16 17 18 19 5 6 7 8 14 15 3 4 5 19 20 21 22 23 24 25 26 27 28 29 30 31 32 33 34 35 36 37 38 39 40 41 42 43 44 45 46 47 48 49 50 51 52 53 54 55 56 57 58 59 60 61 62 63 64 65 66 67 68 69 70 71 72 73 74 75 76 77 78 79 80 81 82 83 84 85 86 87 88 89 90 91 92 93 94 95 96 97 98 99
  Ant 12 path: 0 10 11 12 13 14 8 7 6 5 4 3 15 16 17 18 19 5 6 7 8 14 15 3 4 5 19 20 21 22 23 24 25 26 27 28 29 30 31 32 33 34 35 36 37 38 39 40 41 42 43 44 45 46 47 48 49 50 51 52 53 54 55 56 57 58 59 60 61 62 63 64 65 66 67 68 69 70 71 72 73 74 75 76 77 78 79 80 81 82 83 84 85 86 87 88 89 90 91 92 93 94 95 96 97 98 99
  Ant 13 path: 0 10 9 8 14 13 12 11 10 0 1 2 3 15 16 17 18 19 5 4 3 15 16 17 18 19 5 6 7 8 14 15 3 4 5 19 20 21 22 23 24 25 26 27 28 29 30 31 32 33 34 35 36 37 38 39 40 41 42 43 44 45 46 47 48 49 50 51 52 53 54 55 56 57 58 59 60 61 62 63 64 65 66 67 68 69 70 71 72 73 74 75 76 77 78 79 80 81 82 83 84 85 86 87 88 89 90 91 92 93 94 95 96 97 98 99
  Ant 14 path: 0 10 9 8 14 15 3 4 5 19 18 17 16 15 3 2 1 0 10 11 12 13 14 8 7 6 5 19 20 21 22 23 24 25 26 27 28 29 30 31 32 33 34 35 36 37 38 39 40 41 42 43 44 45 46 47 48 49 50 51 52 53 54 55 56 57 58 59 60 61 62 63 64 65 66 67 68 69 70 71 72 73 74 75 76 77 78 79 80 81 82 83 84 85 86 87 88 89 90 91 92 93 94 95 96 97 98 99
  Ant 15 path: 0 10 11 12 13 14 8 7 6 5 19 18 17 16 15 3 4 5 19 20 21 22 23 24 25 26 27 28 29 30 31 32 33 34 35 36 37 38 39 40 41 42 43 44 45 46 47 48 49 50 51 52 53 54 55 56 57 58 59 60 61 62 63 64 65 66 67 68 69 70 71 72 73 74 75 76 77 78 79 80 81 82 83 84 85 86 87 88 89 90 91 92 93 94 95 96 97 98 99
  Ant 16 path: 0 10 11 12 13 14 8 9 10 0 1 2 3 15 16 17 18 19 5 4 3 15 14 8 7 6 5 19 20 21 22 23 24 25 26 27 28 29 30 31 32 33 34 35 36 37 38 39 40 41 42 43 44 45 46 47 48 49 50 51 52 53 54 55 56 57 58 59 60 61 62 63 64 65 66 67 68 69 70 71 72 73 74 75 76 77 78 79 80 81 82 83 84 85 86 87 88 89 90 91 92 93 94 95 96 97 98 99
  Ant 17 path: 0 10 9 8 7 6 5 19 20 21 22 23 24 25 26 27 28 29 30 31 32 33 34 35 36 37 38 39 40 41 42 43 44 45 46 47 48 49 50 51 52 53 54 55 56 57 58 59 60 61 62 63 64 65 66 67 68 69 70 71 72 73 74 75 76 77 78 79 80 81 82 83 84 85 86 87 88 89 90 91 92 93 94 95 96 97 98 99
  Ant 18 path: 0 10 11 12 13 14 8 7 6 5 19 18 17 16 15 3 4 5 19 20 21 22 23 24 25 26 27 28 29 30 31 32 33 34 35 36 37 38 39 40 41 42 43 44 45 46 47 48 49 50 51 52 53 54 55 56 57 58 59 60 61 62 63 64 65 66 67 68 69 70 71 72 73 74 75 76 77 78 79 80 81 82 83 84 85 86 87 88 89 90 91 92 93 94 95 96 97 98 99
  Ant 19 path: 0 10 9 8 14 15 3 2 1 0 10 11 12 13 14 8 7 6 5 19 20 21 22 23 24 25 26 27 28 29 30 31 32 33 34 35 36 37 38 39 40 41 42 43 44 45 46 47 48 49 50 51 52 53 54 55 56 57 58 59 60 61 62 63 64 65 66 67 68 69 70 71 72 73 74 75 76 77 78 79 80 81 82 83 84 85 86 87 88 89 90 91 92 93 94 95 96 97 98 99
  Ant 20 path: 0 10 11 12 13 14 8 9 10 0 1 2 3 15 16 17 18 19 5 6 7 8 14 13 12 11 10 0 1 2 3 15 14 8 7 6 5 19 18 17 16 15 3 4 5 19 20 21 22 23 24 25 26 27 28 29 30 31 32 33 34 35 36 37 38 39 40 41 42 43 44 45 46 47 48 49 50 51 52 53 54 55 56 57 58 59 60 61 62 63 64 65 66 67 68 69 70 71 72 73 74 75 76 77 78 79 80 81 82 83 84 85 86 87 88 89 90 91 92 93 94 95 96 97 98 99
  Ant 21 path: 0 10 9 8 14 15 3 2 1 0 10 11 12 13 14 8 7 6 5 19 18 17 16 15 3 4 5 19 20 21 22 23 24 25 26 27 28 29 30 31 32 33 34 35 36 37 38 39 40 41 42 43 44 45 46 47 48 49 50 51 52 53 54 55 56 57 58 59 60 61 62 63 64 65 66 67 68 69 70 71 72 73 74 75 76 77 78 79 80 81 82 83 84 85 86 87 88 89 90 91 92 93 94 95 96 97 98 99
  Ant 22 path: 0 10 9 8 14 15 3 4 5 19 18 17 16 15 3 2 1 0 10 11 12 13 14 8 7 6 5 19 20 21 22 23 24 25 26 27 28 29 30 31 32 33 34 35 36 37 38 39 40 41 42 43 44 45 46 47 48 49 50 51 52 53 54 55 56 57 58 59 60 61 62 63 64 65 66 67 68 69 70 71 72 73 74 75 76 77 78 79 80 81 82 83 84 85 86 87 88 89 90 91 92 93 94 95 96 97 98 99
  Ant 23 path: 0 10 9 8 14 13 12 11 10 0 1 2 3 15 16 17 18 19 5 4 3 15 14 13 12 11 10 0 1 2 3 15 16 17 18 19 20 21 22 23 24 25 26 27 28 29 30 31 32 33 34 35 36 37 38 39 40 41 42 43 44 45 46 47 48 49 50 51 52 53 54 55 56 57 58 59 60 61 62 63 64 65 66 67 68 69 70 71 72 73 74 75 76 77 78 79 80 81 82 83 84 85 86 87 88 89 90 91 92 93 94 95 96 97 98 99
  Ant 24 path: 0 10 11 12 13 14 8 9 10 0 1 2 3 15 16 17 18 19 5 6 7 8 14 13 12 11 10 0 1 2 3 15 16 17 18 19 5 4 3 15 16 17 18 19 5 6 7 8 14 15 3 2 1 0 10 11 12 13 14 8 7 6 5 19 20 21 22 23 24 25 26 27 28 29 30 31 32 33 34 35 36 37 38 39 40 41 42 43 44 45 46 47 48 49 50 51 52 53 54 55 56 57 58 59 60 61 62 63 64 65 66 67 68 69 70 71 72 73 74 75 76 77 78 79 80 81 82 83 84 85 86 87 88 89 90 91 92 93 94 95 96 97 98 99
  Ant 25 path: 0 10 11 12 13 14 8 9 10 0 1 2 3 15 16 17 18 19 5 6 7 8 14 13 12 11 10 0 1 2 3 15 14 8 9 10 0 1 2 3 15 14 8 9 10 0 1 2 3 4 5 19 20 21 22 23 24 25 26 27 28 29 30 31 32 33 34 35 36 37 38 39 40 41 42 43 44 45 46 47 48 49 50 51 52 53 54 55 56 57 58 59 60 61 62 63 64 65 66 67 68 69 70 71 72 73 74 75 76 77 78 79 80 81 82 83 84 85 86 87 88 89 90 91 92 93 94 95 96 97 98 99
  Ant 26 path: 0 10 9 8 14 15 3 2 1 0 10 11 12 13 14 8 7 6 5 19 20 21 22 23 24 25 26 27 28 29 30 31 32 33 34 35 36 37 38 39 40 41 42 43 44 45 46 47 48 49 50 51 52 53 54 55 56 57 58 59 60 61 62 63 64 65 66 67 68 69 70 71 72 73 74 75 76 77 78 79 80 81 82 83 84 85 86 87 88 89 90 91 92 93 94 95 96 97 98 99
  Ant 27 path: 0 10 11 12 13 14 8 9 10 0 1 2 3 4 5 19 18 17 16 15 3 2 1 0 10 11 12 13 14 8 7 6 5 4 3 15 14 8 9 10 0 1 2 3 15 16 17 18 19 5 4 3 15 14 8 9 10 0 1 2 3 15 16 17 18 19 5 6 7 8 14 15 3 4 5 19 20 21 22 23 24 25 26 27 28 29 30 31 32 33 34 35 36 37 38 39 40 41 42 43 44 45 46 47 48 49 50 51 52 53 54 55 56 57 58 59 60 61 62 63 64 65 66 67 68 69 70 71 72 73 74 75 76 77 78 79 80 81 82 83 84 85 86 87 88 89 90 91 92 93 94 95 96 97 98 99
  Ant 28 path: 0 10 9 8 14 15 3 4 5 19 20 21 22 23 24 25 26 27 28 29 30 31 32 33 34 35 36 37 38 39 40 41 42 43 44 45 46 47 48 49 50 51 52 53 54 55 56 57 58 59 60 61 62 63 64 65 66 67 68 69 70 71 72 73 74 75 76 77 78 79 80 81 82 83 84 85 86 87 88 89 90 91 92 93 94 95 96 97 98 99
  Ant 29 path: 0 10 9 8 14 15 3 4 5 19 18 17 16 15 3 4 5 6 7 8 14 13 12 11 10 0 1 2 3 15 16 17 18 19 5 6 7 8 14 15 3 4 5 19 20 21 22 23 24 25 26 27 28 29 30 31 32 33 34 35 36 37 38 39 40 41 42 43 44 45 46 47 48 49 50 51 52 53 54 55 56 57 58 59 60 61 62 63 64 65 66 67 68 69 70 71 72 73 74 75 76 77 78 79 80 81 82 83 84 85 86 87 88 89 90 91 92 93 94 95 96 97 98 99
  Ant 30 path: 0 10 11 12 13 14 8 9 10 0 1 2 3 15 16 17 18 19 5 4 3 15 16 17 18 19 5 4 3 15 16 17 18 19 5 6 7 8 14 15 3 2 1 0 10 11 12 13 14 8 9 10 0 1 2 3 15 16 17 18 19 20 21 22 23 24 25 26 27 28 29 30 31 32 33 34 35 36 37 38 39 40 41 42 43 44 45 46 47 48 49 50 51 52 53 54 55 56 57 58 59 60 61 62 63 64 65 66 67 68 69 70 71 72 73 74 75 76 77 78 79 80 81 82 83 84 85 86 87 88 89 90 91 92 93 94 95 96 97 98 99
  Ant 31 path: 0 1 2 3 4 5 19 18 17 16 15 3 2 1 0 10 9 8 14 13 12 11 10 9 8 7 6 5 19 20 21 22 23 24 25 26 27 28 29 30 31 32 33 34 35 36 37 38 39 40 41 42 43 44 45 46 47 48 49 50 51 52 53 54 55 56 57 58 59 60 61 62 63 64 65 66 67 68 69 70 71 72 73 74 75 76 77 78 79 80 81 82 83 84 85 86 87 88 89 90 91 92 93 94 95 96 97 98 99
  Ant 32 path: 0 10 11 12 13 14 8 7 6 5 19 20 21 22 23 24 25 26 27 28 29 30 31 32 33 34 35 36 37 38 39 40 41 42 43 44 45 46 47 48 49 50 51 52 53 54 55 56 57 58 59 60 61 62 63 64 65 66 67 68 69 70 71 72 73 74 75 76 77 78 79 80 81 82 83 84 85 86 87 88 89 90 91 92 93 94 95 96 97 98 99
  Ant 33 path: 0 10 11 12 13 14 8 7 6 5 19 20 21 22 23 24 25 26 27 28 29 30 31 32 33 34 35 36 37 38 39 40 41 42 43 44 45 46 47 48 49 50 51 52 53 54 55 56 57 58 59 60 61 62 63 64 65 66 67 68 69 70 71 72 73 74 75 76 77 78 79 80 81 82 83 84 85 86 87 88 89 90 91 92 93 94 95 96 97 98 99
  Ant 34 path: 0 10 9 8 14 15 3 4 5 19 20 21 22 23 24 25 26 27 28 29 30 31 32 33 34 35 36 37 38 39 40 41 42 43 44 45 46 47 48 49 50 51 52 53 54 55 56 57 58 59 60 61 62 63 64 65 66 67 68 69 70 71 72 73 74 75 76 77 78 79 80 81 82 83 84 85 86 87 88 89 90 91 92 93 94 95 96 97 98 99
  Ant 35 path: 0 10 11 12 13 14 8 7 6 5 19 18 17 16 15 3 4 5 19 20 21 22 23 24 25 26 27 28 29 30 31 32 33 34 35 36 37 38 39 40 41 42 43 44 45 46 47 48 49 50 51 52 53 54 55 56 57 58 59 60 61 62 63 64 65 66 67 68 69 70 71 72 73 74 75 76 77 78 79 80 81 82 83 84 85 86 87 88 89 90 91 92 93 94 95 96 97 98 99
  Ant 36 path: 0 10 11 12 13 14 8 7 6 5 19 20 21 22 23 24 25 26 27 28 29 30 31 32 33 34 35 36 37 38 39 40 41 42 43 44 45 46 47 48 49 50 51 52 53 54 55 56 57 58 59 60 61 62 63 64 65 66 67 68 69 70 71 72 73 74 75 76 77 78 79 80 81 82 83 84 85 86 87 88 89 90 91 92 93 94 95 96 97 98 99
  Ant 37 path: 0 10 11 12 13 14 8 9 10 0 1 2 3 15 16 17 18 19 20 21 22 23 24 25 26 27 28 29 30 31 32 33 34 35 36 37 38 39 40 41 42 43 44 45 46 47 48 49 50 51 52 53 54 55 56 57 58 59 60 61 62 63 64 65 66 67 68 69 70 71 72 73 74 75 76 77 78 79 80 81 82 83 84 85 86 87 88 89 90 91 92 93 94 95 96 97 98 99
  Ant 38 path: 0 10 11 12 13 14 8 7 6 5 19 18 17 16 15 3 4 5 19 18 17 16 15 3 2 1 0 10 9 8 14 15 16 17 18 19 5 6 7 8 14 15 3 4 5 19 20 21 22 23 24 25 26 27 28 29 30 31 32 33 34 35 36 37 38 39 40 41 42 43 44 45 46 47 48 49 50 51 52 53 54 55 56 57 58 59 60 61 62 63 64 65 66 67 68 69 70 71 72 73 74 75 76 77 78 79 80 81 82 83 84 85 86 87 88 89 90 91 92 93 94 95 96 97 98 99
  Ant 39 path: 0 10 11 12 13 14 8 9 10 0 1 2 3 15 16 17 18 19 5 4 3 2 1 0 10 11 12 13 14 8 7 6 5 19 20 21 22 23 24 25 26 27 28 29 30 31 32 33 34 35 36 37 38 39 40 41 42 43 44 45 46 47 48 49 50 51 52 53 54 55 56 57 58 59 60 61 62 63 64 65 66 67 68 69 70 71 72 73 74 75 76 77 78 79 80 81 82 83 84 85 86 87 88 89 90 91 92 93 94 95 96 97 98 99
  Ant 40 path: 0 10 9 8 14 13 12 11 10 0 1 2 3 15 16 17 18 19 5 6 7 8 14 15 3 4 5 19 18 17 16 15 14 8 7 6 5 4 3 15 14 13 12 11 10 0 1 2 3 15 14 8 7 6 5 19 20 21 22 23 24 25 26 27 28 29 30 31 32 33 34 35 36 37 38 39 40 41 42 43 44 45 46 47 48 49 50 51 52 53 54 55 56 57 58 59 60 61 62 63 64 65 66 67 68 69 70 71 72 73 74 75 76 77 78 79 80 81 82 83 84 85 86 87 88 89 90 91 92 93 94 95 96 97 98 99
  Ant 41 path: 0 10 11 12 13 14 8 9 10 0 1 2 3 15 16 17 18 19 5 4 3 15 14 8 7 6 5 19 20 21 22 23 24 25 26 27 28 29 30 31 32 33 34 35 36 37 38 39 40 41 42 43 44 45 46 47 48 49 50 51 52 53 54 55 56 57 58 59 60 61 62 63 64 65 66 67 68 69 70 71 72 73 74 75 76 77 78 79 80 81 82 83 84 85 86 87 88 89 90 91 92 93 94 95 96 97 98 99
  Ant 42 path: 0 10 9 8 14 13 12 11 10 0 1 2 3 15 16 17 18 19 5 6 7 8 14 15 3 4 5 19 20 21 22 23 24 25 26 27 28 29 30 31 32 33 34 35 36 37 38 39 40 41 42 43 44 45 46 47 48 49 50 51 52 53 54 55 56 57 58 59 60 61 62 63 64 65 66 67 68 69 70 71 72 73 74 75 76 77 78 79 80 81 82 83 84 85 86 87 88 89 90 91 92 93 94 95 96 97 98 99
  Ant 43 path: 0 10 11 12 13 14 8 7 6 5 19 20 21 22 23 24 25 26 27 28 29 30 31 32 33 34 35 36 37 38 39 40 41 42 43 44 45 46 47 48 49 50 51 52 53 54 55 56 57 58 59 60 61 62 63 64 65 66 67 68 69 70 71 72 73 74 75 76 77 78 79 80 81 82 83 84 85 86 87 88 89 90 91 92 93 94 95 96 97 98 99
  Ant 44 path: 0 10 11 12 13 14 8 7 6 5 19 20 21 22 23 24 25 26 27 28 29 30 31 32 33 34 35 36 37 38 39 40 41 42 43 44 45 46 47 48 49 50 51 52 53 54 55 56 57 58 59 60 61 62 63 64 65 66 67 68 69 70 71 72 73 74 75 76 77 78 79 80 81 82 83 84 85 86 87 88 89 90 91 92 93 94 95 96 97 98 99
  Ant 45 path: 0 10 11 12 13 14 8 9 10 0 1 2 3 15 16 17 18 19 5 4 3 15 14 8 7 6 5 19 20 21 22 23 24 25 26 27 28 29 30 31 32 33 34 35 36 37 38 39 40 41 42 43 44 45 46 47 48 49 50 51 52 53 54 55 56 57 58 59 60 61 62 63 64 65 66 67 68 69 70 71 72 73 74 75 76 77 78 79 80 81 82 83 84 85 86 87 88 89 90 91 92 93 94 95 96 97 98 99
  Ant 46 path: 0 10 11 12 13 14 8 9 10 0 1 2 3 15 16 17 18 19 20 21 22 23 24 25 26 27 28 29 30 31 32 33 34 35 36 37 38 39 40 41 42 43 44 45 46 47 48 49 50 51 52 53 54 55 56 57 58 59 60 61 62 63 64 65 66 67 68 69 70 71 72 73 74 75 76 77 78 79 80 81 82 83 84 85 86 87 88 89 90 91 92 93 94 95 96 97 98 99
  Ant 47 path: 0 10 11 12 13 14 8 9 10 0 1 2 3 15 14 8 7 6 5 19 20 21 22 23 24 25 26 27 28 29 30 31 32 33 34 35 36 37 38 39 40 41 42 43 44 45 46 47 48 49 50 51 52 53 54 55 56 57 58 59 60 61 62 63 64 65 66 67 68 69 70 71 72 73 74 75 76 77 78 79 80 81 82 83 84 85 86 87 88 89 90 91 92 93 94 95 96 97 98 99
  Ant 48 path: 0 10 9 8 14 13 12 11 10 0 1 2 3 15 16 17 18 19 5 4 3 15 16 17 18 19 5 6 7 8 14 15 3 4 5 19 18 17 16 15 14 8 7 6 5 19 20 21 22 23 24 25 26 27 28 29 30 31 32 33 34 35 36 37 38 39 40 41 42 43 44 45 46 47 48 49 50 51 52 53 54 55 56 57 58 59 60 61 62 63 64 65 66 67 68 69 70 71 72 73 74 75 76 77 78 79 80 81 82 83 84 85 86 87 88 89 90 91 92 93 94 95 96 97 98 99
  Ant 49 path: 0 10 9 8 14 13 12 11 10 0 1 2 3 15 16 17 18 19 5 4 3 15 16 17 18 19 20 21 22 23 24 25 26 27 28 29 30 31 32 33 34 35 36 37 38 39 40 41 42 43 44 45 46 47 48 49 50 51 52 53 54 55 56 57 58 59 60 61 62 63 64 65 66 67 68 69 70 71 72 73 74 75 76 77 78 79 80 81 82 83 84 85 86 87 88 89 90 91 92 93 94 95 96 97 98 99
  Ant 50 path: 0 10 9 8 14 15 3 2 1 0 10 11 12 13 14 8 9 10 11 12 13 14 8 7 6 5 19 20 21 22 23 24 25 26 27 28 29 30 31 32 33 34 35 36 37 38 39 40 41 42 43 44 45 46 47 48 49 50 51 52 53 54 55 56 57 58 59 60 61 62 63 64 65 66 67 68 69 70 71 72 73 74 75 76 77 78 79 80 81 82 83 84 85 86 87 88 89 90 91 92 93 94 95 96 97 98 99
  Ant 51 path: 0 10 11 12 13 14 8 9 10 0 1 2 3 15 16 17 18 19 5 6 7 8 14 13 12 11 10 0 1 2 3 15 14 8 7 6 5 4 3 15 14 8 9 10 0 1 2 3 15 14 8 7 6 5 19 20 21 22 23 24 25 26 27 28 29 30 31 32 33 34 35 36 37 38 39 40 41 42 43 44 45 46 47 48 49 50 51 52 53 54 55 56 57 58 59 60 61 62 63 64 65 66 67 68 69 70 71 72 73 74 75 76 77 78 79 80 81 82 83 84 85 86 87 88 89 90 91 92 93 94 95 96 97 98 99
  Ant 52 path: 0 10 9 8 14 13 12 11 10 0 1 2 3 15 16 17 18 19 20 21 22 23 24 25 26 27 28 29 30 31 32 33 34 35 36 37 38 39 40 41 42 43 44 45 46 47 48 49 50 51 52 53 54 55 56 57 58 59 60 61 62 63 64 65 66 67 68 69 70 71 72 73 74 75 76 77 78 79 80 81 82 83 84 85 86 87 88 89 90 91 92 93 94 95 96 97 98 99
  Ant 53 path: 0 10 9 8 14 15 3 2 1 0 10 11 12 13 14 8 7 6 5 4 3 15 16 17 18 19 5 4 3 2 1 0 10 9 8 14 15 3 2 1 0 10 11 12 13 14 8 7 6 5 19 20 21 22 23 24 25 26 27 28 29 30 31 32 33 34 35 36 37 38 39 40 41 42 43 44 45 46 47 48 49 50 51 52 53 54 55 56 57 58 59 60 61 62 63 64 65 66 67 68 69 70 71 72 73 74 75 76 77 78 79 80 81 82 83 84 85 86 87 88 89 90 91 92 93 94 95 96 97 98 99
  Ant 54 path: 0 10 11 12 13 14 8 9 10 0 1 2 3 15 16 17 18 19 5 4 3 2 1 0 10 9 8 14 13 12 11 10 0 1 2 3 15 16 17 18 19 5 6 7 8 14 13 12 11 10 0 1 2 3 15 14 8 7 6 5 19 20 21 22 23 24 25 26 27 28 29 30 31 32 33 34 35 36 37 38 39 40 41 42 43 44 45 46 47 48 49 50 51 52 53 54 55 56 57 58 59 60 61 62 63 64 65 66 67 68 69 70 71 72 73 74 75 76 77 78 79 80 81 82 83 84 85 86 87 88 89 90 91 92 93 94 95 96 97 98 99
  Ant 55 path: 0 10 9 8 14 15 3 2 1 0 10 11 12 13 14 8 7 6 5 19 18 17 16 15 3 4 5 19 20 21 22 23 24 25 26 27 28 29 30 31 32 33 34 35 36 37 38 39 40 41 42 43 44 45 46 47 48 49 50 51 52 53 54 55 56 57 58 59 60 61 62 63 64 65 66 67 68 69 70 71 72 73 74 75 76 77 78 79 80 81 82 83 84 85 86 87 88 89 90 91 92 93 94 95 96 97 98 99
  Ant 56 path: 0 10 11 12 13 14 8 7 6 5 19 18 17 16 15 3 4 5 19 20 21 22 23 24 25 26 27 28 29 30 31 32 33 34 35 36 37 38 39 40 41 42 43 44 45 46 47 48 49 50 51 52 53 54 55 56 57 58 59 60 61 62 63 64 65 66 67 68 69 70 71 72 73 74 75 76 77 78 79 80 81 82 83 84 85 86 87 88 89 90 91 92 93 94 95 96 97 98 99
  Ant 57 path: 0 10 11 12 13 14 8 9 10 0 1 2 3 15 16 17 18 19 5 4 3 15 16 17 18 19 20 21 22 23 24 25 26 27 28 29 30 31 32 33 34 35 36 37 38 39 40 41 42 43 44 45 46 47 48 49 50 51 52 53 54 55 56 57 58 59 60 61 62 63 64 65 66 67 68 69 70 71 72 73 74 75 76 77 78 79 80 81 82 83 84 85 86 87 88 89 90 91 92 93 94 95 96 97 98 99
  Ant 58 path: 0 10 9 8 14 15 3 4 5 19 20 21 22 23 24 25 26 27 28 29 30 31 32 33 34 35 36 37 38 39 40 41 42 43 44 45 46 47 48 49 50 51 52 53 54 55 56 57 58 59 60 61 62 63 64 65 66 67 68 69 70 71 72 73 74 75 76 77 78 79 80 81 82 83 84 85 86 87 88 89 90 91 92 93 94 95 96 97 98 99
  Ant 59 path: 0 10 11 12 13 14 8 9 10 0 1 2 3 15 16 17 18 19 5 4 3 15 16 17 18 19 20 21 22 23 24 25 26 27 28 29 30 31 32 33 34 35 36 37 38 39 40 41 42 43 44 45 46 47 48 49 50 51 52 53 54 55 56 57 58 59 60 61 62 63 64 65 66 67 68 69 70 71 72 73 74 75 76 77 78 79 80 81 82 83 84 85 86 87 88 89 90 91 92 93 94 95 96 97 98 99
  Ant 60 path: 0 10 11 12 13 14 8 9 10 0 1 2 3 15 16 17 18 19 20 21 22 23 24 25 26 27 28 29 30 31 32 33 34 35 36 37 38 39 40 41 42 43 44 45 46 47 48 49 50 51 52 53 54 55 56 57 58 59 60 61 62 63 64 65 66 67 68 69 70 71 72 73 74 75 76 77 78 79 80 81 82 83 84 85 86 87 88 89 90 91 92 93 94 95 96 97 98 99
  Ant 61 path: 0 10 11 12 13 14 8 9 10 0 1 2 3 15 14 8 7 6 5 19 20 21 22 23 24 25 26 27 28 29 30 31 32 33 34 35 36 37 38 39 40 41 42 43 44 45 46 47 48 49 50 51 52 53 54 55 56 57 58 59 60 61 62 63 64 65 66 67 68 69 70 71 72 73 74 75 76 77 78 79 80 81 82 83 84 85 86 87 88 89 90 91 92 93 94 95 96 97 98 99
  Ant 62 path: 0 10 11 12 13 14 8 9 10 0 1 2 3 15 16 17 18 19 5 6 7 8 14 15 3 4 5 19 20 21 22 23 24 25 26 27 28 29 30 31 32 33 34 35 36 37 38 39 40 41 42 43 44 45 46 47 48 49 50 51 52 53 54 55 56 57 58 59 60 61 62 63 64 65 66 67 68 69 70 71 72 73 74 75 76 77 78 79 80 81 82 83 84 85 86 87 88 89 90 91 92 93 94 95 96 97 98 99
  Ant 63 path: 0 10 11 12 13 14 8 7 6 5 19 20 21 22 23 24 25 26 27 28 29 30 31 32 33 34 35 36 37 38 39 40 41 42 43 44 45 46 47 48 49 50 51 52 53 54 55 56 57 58 59 60 61 62 63 64 65 66 67 68 69 70 71 72 73 74 75 76 77 78 79 80 81 82 83 84 85 86 87 88 89 90 91 92 93 94 95 96 97 98 99
  Ant 64 path: 0 10 11 12 13 14 8 7 6 5 19 18 17 16 15 3 2 1 0 10 9 8 14 13 12 11 10 0 1 2 3 4 5 19 20 21 22 23 24 25 26 27 28 29 30 31 32 33 34 35 36 37 38 39 40 41 42 43 44 45 46 47 48 49 50 51 52 53 54 55 56 57 58 59 60 61 62 63 64 65 66 67 68 69 70 71 72 73 74 75 76 77 78 79 80 81 82 83 84 85 86 87 88 89 90 91 92 93 94 95 96 97 98 99
  Ant 65 path: 0 1 2 3 15 14 8 9 10 0 1 2 3 15 16 17 18 19 5 6 7 8 14 13 12 11 10 0 1 2 3 4 5 19 20 21 22 23 24 25 26 27 28 29 30 31 32 33 34 35 36 37 38 39 40 41 42 43 44 45 46 47 48 49 50 51 52 53 54 55 56 57 58 59 60 61 62 63 64 65 66 67 68 69 70 71 72 73 74 75 76 77 78 79 80 81 82 83 84 85 86 87 88 89 90 91 92 93 94 95 96 97 98 99
  Ant 66 path: 0 10 11 12 13 14 8 9 10 0 1 2 3 15 16 17 18 19 5 4 3 15 14 8 7 6 5 19 20 21 22 23 24 25 26 27 28 29 30 31 32 33 34 35 36 37 38 39 40 41 42 43 44 45 46 47 48 49 50 51 52 53 54 55 56 57 58 59 60 61 62 63 64 65 66 67 68 69 70 71 72 73 74 75 76 77 78 79 80 81 82 83 84 85 86 87 88 89 90 91 92 93 94 95 96 97 98 99
  Ant 67 path: 0 10 11 12 13 14 8 9 10 0 1 2 3 4 5 19 18 17 16 15 3 2 1 0 10 11 12 13 14 8 7 6 5 4 3 15 14 13 12 11 10 0 1 2 3 15 16 17 18 19 5 6 7 8 14 13 12 11 10 0 1 2 3 15 14 8 7 6 5 19 20 21 22 23 24 25 26 27 28 29 30 31 32 33 34 35 36 37 38 39 40 41 42 43 44 45 46 47 48 49 50 51 52 53 54 55 56 57 58 59 60 61 62 63 64 65 66 67 68 69 70 71 72 73 74 75 76 77 78 79 80 81 82 83 84 85 86 87 88 89 90 91 92 93 94 95 96 97 98 99
  Ant 68 path: 0 10 9 8 14 13 12 11 10 0 1 2 3 15 16 17 18 19 5 4 3 15 16 17 18 19 20 21 22 23 24 25 26 27 28 29 30 31 32 33 34 35 36 37 38 39 40 41 42 43 44 45 46 47 48 49 50 51 52 53 54 55 56 57 58 59 60 61 62 63 64 65 66 67 68 69 70 71 72 73 74 75 76 77 78 79 80 81 82 83 84 85 86 87 88 89 90 91 92 93 94 95 96 97 98 99
  Ant 69 path: 0 10 9 8 14 15 3 4 5 19 20 21 22 23 24 25 26 27 28 29 30 31 32 33 34 35 36 37 38 39 40 41 42 43 44 45 46 47 48 49 50 51 52 53 54 55 56 57 58 59 60 61 62 63 64 65 66 67 68 69 70 71 72 73 74 75 76 77 78 79 80 81 82 83 84 85 86 87 88 89 90 91 92 93 94 95 96 97 98 99
  Ant 70 path: 0 10 11 12 13 14 8 9 10 0 1 2 3 15 16 17 18 19 5 6 7 8 14 13 12 11 10 0 1 2 3 15 16 17 18 19 5 4 3 15 16 17 18 19 20 21 22 23 24 25 26 27 28 29 30 31 32 33 34 35 36 37 38 39 40 41 42 43 44 45 46 47 48 49 50 51 52 53 54 55 56 57 58 59 60 61 62 63 64 65 66 67 68 69 70 71 72 73 74 75 76 77 78 79 80 81 82 83 84 85 86 87 88 89 90 91 92 93 94 95 96 97 98 99
  Ant 71 path: 0 10 11 12 13 14 8 7 6 5 19 18 17 16 15 3 4 5 19 20 21 22 23 24 25 26 27 28 29 30 31 32 33 34 35 36 37 38 39 40 41 42 43 44 45 46 47 48 49 50 51 52 53 54 55 56 57 58 59 60 61 62 63 64 65 66 67 68 69 70 71 72 73 74 75 76 77 78 79 80 81 82 83 84 85 86 87 88 89 90 91 92 93 94 95 96 97 98 99
  Ant 72 path: 0 10 9 8 14 15 3 2 1 0 10 11 12 13 14 8 7 6 5 19 18 17 16 15 3 4 5 19 20 21 22 23 24 25 26 27 28 29 30 31 32 33 34 35 36 37 38 39 40 41 42 43 44 45 46 47 48 49 50 51 52 53 54 55 56 57 58 59 60 61 62 63 64 65 66 67 68 69 70 71 72 73 74 75 76 77 78 79 80 81 82 83 84 85 86 87 88 89 90 91 92 93 94 95 96 97 98 99
  Ant 73 path: 0 10 9 8 14 13 12 11 10 0 1 2 3 15 16 17 18 19 5 6 7 8 14 13 12 11 10 0 1 2 3 4 5 19 20 21 22 23 24 25 26 27 28 29 30 31 32 33 34 35 36 37 38 39 40 41 42 43 44 45 46 47 48 49 50 51 52 53 54 55 56 57 58 59 60 61 62 63 64 65 66 67 68 69 70 71 72 73 74 75 76 77 78 79 80 81 82 83 84 85 86 87 88 89 90 91 92 93 94 95 96 97 98 99
  Ant 74 path: 0 10 9 8 14 13 12 11 10 0 1 2 3 15 16 17 18 19 5 4 3 15 14 8 7 6 5 19 18 17 16 15 3 4 5 19 20 21 22 23 24 25 26 27 28 29 30 31 32 33 34 35 36 37 38 39 40 41 42 43 44 45 46 47 48 49 50 51 52 53 54 55 56 57 58 59 60 61 62 63 64 65 66 67 68 69 70 71 72 73 74 75 76 77 78 79 80 81 82 83 84 85 86 87 88 89 90 91 92 93 94 95 96 97 98 99
  Ant 75 path: 0 10 11 12 13 14 8 9 10 0 1 2 3 15 16 17 18 19 5 4 3 15 14 8 7 6 5 19 20 21 22 23 24 25 26 27 28 29 30 31 32 33 34 35 36 37 38 39 40 41 42 43 44 45 46 47 48 49 50 51 52 53 54 55 56 57 58 59 60 61 62 63 64 65 66 67 68 69 70 71 72 73 74 75 76 77 78 79 80 81 82 83 84 85 86 87 88 89 90 91 92 93 94 95 96 97 98 99
  Ant 76 path: 0 10 11 12 13 14 8 7 6 5 19 20 21 22 23 24 25 26 27 28 29 30 31 32 33 34 35 36 37 38 39 40 41 42 43 44 45 46 47 48 49 50 51 52 53 54 55 56 57 58 59 60 61 62 63 64 65 66 67 68 69 70 71 72 73 74 75 76 77 78 79 80 81 82 83 84 85 86 87 88 89 90 91 92 93 94 95 96 97 98 99
  Ant 77 path: 0 10 9 8 14 15 3 2 1 0 10 11 12 13 14 15 3 4 5 19 18 17 16 15 3 4 5 19 20 21 22 23 24 25 26 27 28 29 30 31 32 33 34 35 36 37 38 39 40 41 42 43 44 45 46 47 48 49 50 51 52 53 54 55 56 57 58 59 60 61 62 63 64 65 66 67 68 69 70 71 72 73 74 75 76 77 78 79 80 81 82 83 84 85 86 87 88 89 90 91 92 93 94 95 96 97 98 99
  Ant 78 path: 0 10 11 12 13 14 8 9 10 0 1 2 3 15 16 17 18 19 20 21 22 23 24 25 26 27 28 29 30 31 32 33 34 35 36 37 38 39 40 41 42 43 44 45 46 47 48 49 50 51 52 53 54 55 56 57 58 59 60 61 62 63 64 65 66 67 68 69 70 71 72 73 74 75 76 77 78 79 80 81 82 83 84 85 86 87 88 89 90 91 92 93 94 95 96 97 98 99
  Ant 79 path: 0 10 9 8 14 15 3 4 5 19 18 17 16 15 3 2 1 0 10 11 12 13 14 8 7 6 5 19 20 21 22 23 24 25 26 27 28 29 30 31 32 33 34 35 36 37 38 39 40 41 42 43 44 45 46 47 48 49 50 51 52 53 54 55 56 57 58 59 60 61 62 63 64 65 66 67 68 69 70 71 72 73 74 75 76 77 78 79 80 81 82 83 84 85 86 87 88 89 90 91 92 93 94 95 96 97 98 99
  Ant 80 path: 0 10 11 12 13 14 8 7 6 5 19 18 17 16 15 3 4 5 19 20 21 22 23 24 25 26 27 28 29 30 31 32 33 34 35 36 37 38 39 40 41 42 43 44 45 46 47 48 49 50 51 52 53 54 55 56 57 58 59 60 61 62 63 64 65 66 67 68 69 70 71 72 73 74 75 76 77 78 79 80 81 82 83 84 85 86 87 88 89 90 91 92 93 94 95 96 97 98 99
  Ant 81 path: 0 10 11 12 13 14 8 7 6 5 19 18 17 16 15 3 2 1 0 10 9 8 14 15 3 4 5 19 20 21 22 23 24 25 26 27 28 29 30 31 32 33 34 35 36 37 38 39 40 41 42 43 44 45 46 47 48 49 50 51 52 53 54 55 56 57 58 59 60 61 62 63 64 65 66 67 68 69 70 71 72 73 74 75 76 77 78 79 80 81 82 83 84 85 86 87 88 89 90 91 92 93 94 95 96 97 98 99
  Ant 82 path: 0 10 11 12 13 14 15 3 4 5 19 20 21 22 23 24 25 26 27 28 29 30 31 32 33 34 35 36 37 38 39 40 41 42 43 44 45 46 47 48 49 50 51 52 53 54 55 56 57 58 59 60 61 62 63 64 65 66 67 68 69 70 71 72 73 74 75 76 77 78 79 80 81 82 83 84 85 86 87 88 89 90 91 92 93 94 95 96 97 98 99
  Ant 83 path: 0 10 9 8 14 13 12 11 10 0 1 2 3 15 16 17 18 19 5 4 3 15 16 17 18 19 20 21 22 23 24 25 26 27 28 29 30 31 32 33 34 35 36 37 38 39 40 41 42 43 44 45 46 47 48 49 50 51 52 53 54 55 56 57 58 59 60 61 62 63 64 65 66 67 68 69 70 71 72 73 74 75 76 77 78 79 80 81 82 83 84 85 86 87 88 89 90 91 92 93 94 95 96 97 98 99
  Ant 84 path: 0 10 11 12 13 14 8 9 10 0 1 2 3 15 16 17 18 19 5 6 7 8 14 13 12 11 10 0 1 2 3 15 16 17 18 19 5 4 3 15 14 8 9 10 0 1 2 3 15 16 17 18 19 5 4 3 15 14 8 7 6 5 19 20 21 22 23 24 25 26 27 28 29 30 31 32 33 34 35 36 37 38 39 40 41 42 43 44 45 46 47 48 49 50 51 52 53 54 55 56 57 58 59 60 61 62 63 64 65 66 67 68 69 70 71 72 73 74 75 76 77 78 79 80 81 82 83 84 85 86 87 88 89 90 91 92 93 94 95 96 97 98 99
  Ant 85 path: 0 10 11 12 13 14 8 9 10 0 1 2 3 15 16 17 18 19 5 6 7 8 14 13 12 11 10 0 1 2 3 15 16 17 18 19 20 21 22 23 24 25 26 27 28 29 30 31 32 33 34 35 36 37 38 39 40 41 42 43 44 45 46 47 48 49 50 51 52 53 54 55 56 57 58 59 60 61 62 63 64 65 66 67 68 69 70 71 72 73 74 75 76 77 78 79 80 81 82 83 84 85 86 87 88 89 90 91 92 93 94 95 96 97 98 99
  Ant 86 path: 0 10 9 8 14 13 12 11 10 0 1 2 3 15 16 17 18 19 5 6 7 8 14 15 3 2 1 0 10 11 12 13 14 8 7 6 5 19 20 21 22 23 24 25 26 27 28 29 30 31 32 33 34 35 36 37 38 39 40 41 42 43 44 45 46 47 48 49 50 51 52 53 54 55 56 57 58 59 60 61 62 63 64 65 66 67 68 69 70 71 72 73 74 75 76 77 78 79 80 81 82 83 84 85 86 87 88 89 90 91 92 93 94 95 96 97 98 99
  Ant 87 path: 0 10 9 8 14 13 12 11 10 0 1 2 3 15 16 17 18 19 5 4 3 15 14 8 7 6 5 19 20 21 22 23 24 25 26 27 28 29 30 31 32 33 34 35 36 37 38 39 40 41 42 43 44 45 46 47 48 49 50 51 52 53 54 55 56 57 58 59 60 61 62 63 64 65 66 67 68 69 70 71 72 73 74 75 76 77 78 79 80 81 82 83 84 85 86 87 88 89 90 91 92 93 94 95 96 97 98 99
  Ant 88 path: 0 10 11 12 13 14 8 9 10 0 1 2 3 15 16 17 18 19 5 6 7 8 14 15 3 4 5 19 20 21 22 23 24 25 26 27 28 29 30 31 32 33 34 35 36 37 38 39 40 41 42 43 44 45 46 47 48 49 50 51 52 53 54 55 56 57 58 59 60 61 62 63 64 65 66 67 68 69 70 71 72 73 74 75 76 77 78 79 80 81 82 83 84 85 86 87 88 89 90 91 92 93 94 95 96 97 98 99
  Ant 89 path: 0 10 9 8 14 15 3 4 5 19 20 21 22 23 24 25 26 27 28 29 30 31 32 33 34 35 36 37 38 39 40 41 42 43 44 45 46 47 48 49 50 51 52 53 54 55 56 57 58 59 60 61 62 63 64 65 66 67 68 69 70 71 72 73 74 75 76 77 78 79 80 81 82 83 84 85 86 87 88 89 90 91 92 93 94 95 96 97 98 99
  Ant 90 path: 0 1 2 3 15 14 8 7 6 5 4 3 15 16 17 18 19 20 21 22 23 24 25 26 27 28 29 30 31 32 33 34 35 36 37 38 39 40 41 42 43 44 45 46 47 48 49 50 51 52 53 54 55 56 57 58 59 60 61 62 63 64 65 66 67 68 69 70 71 72 73 74 75 76 77 78 79 80 81 82 83 84 85 86 87 88 89 90 91 92 93 94 95 96 97 98 99
  Ant 91 path: 0 10 9 8 14 13 12 11 10 0 1 2 3 15 16 17 18 19 5 4 3 15 16 17 18 19 5 6 7 8 14 13 12 11 10 0 1 2 3 15 16 17 18 19 20 21 22 23 24 25 26 27 28 29 30 31 32 33 34 35 36 37 38 39 40 41 42 43 44 45 46 47 48 49 50 51 52 53 54 55 56 57 58 59 60 61 62 63 64 65 66 67 68 69 70 71 72 73 74 75 76 77 78 79 80 81 82 83 84 85 86 87 88 89 90 91 92 93 94 95 96 97 98 99
  Ant 92 path: 0 1 2 3 15 16 17 18 19 5 6 7 8 14 13 12 11 10 0 1 2 3 4 5 6 7 8 14 13 12 11 10 9 8 14 13 12 11 10 0 1 2 3 15 14 8 7 6 5 19 20 21 22 23 24 25 26 27 28 29 30 31 32 33 34 35 36 37 38 39 40 41 42 43 44 45 46 47 48 49 50 51 52 53 54 55 56 57 58 59 60 61 62 63 64 65 66 67 68 69 70 71 72 73 74 75 76 77 78 79 80 81 82 83 84 85 86 87 88 89 90 91 92 93 94 95 96 97 98 99
  Ant 93 path: 0 10 11 12 13 14 8 9 10 0 1 2 3 15 16 17 18 19 5 4 3 15 16 17 18 19 5 6 7 8 14 13 12 11 10 0 1 2 3 15 14 8 9 10 0 1 2 3 15 16 17 18 19 5 6 7 8 14 13 12 11 10 0 1 2 3 15 16 17 18 19 5 6 7 8 14 13 12 11 10 0 1 2 3 15 16 17 18 19 20 21 22 23 24 25 26 27 28 29 30 31 32 33 34 35 36 37 38 39 40 41 42 43 44 45 46 47 48 49 50 51 52 53 54 55 56 57 58 59 60 61 62 63 64 65 66 67 68 69 70 71 72 73 74 75 76 77 78 79 80 81 82 83 84 85 86 87 88 89 90 91 92 93 94 95 96 97 98 99
  Ant 94 path: 0 10 9 8 14 15 16 17 18 19 5 6 7 8 14 13 12 11 10 0 1 2 3 15 16 17 18 19 20 21 22 23 24 25 26 27 28 29 30 31 32 33 34 35 36 37 38 39 40 41 42 43 44 45 46 47 48 49 50 51 52 53 54 55 56 57 58 59 60 61 62 63 64 65 66 67 68 69 70 71 72 73 74 75 76 77 78 79 80 81 82 83 84 85 86 87 88 89 90 91 92 93 94 95 96 97 98 99
  Ant 95 path: 0 10 9 8 7 6 5 19 18 17 16 15 3 2 1 0 10 11 12 13 14 8 9 10 0 1 2 3 4 5 19 20 21 22 23 24 25 26 27 28 29 30 31 32 33 34 35 36 37 38 39 40 41 42 43 44 45 46 47 48 49 50 51 52 53 54 55 56 57 58 59 60 61 62 63 64 65 66 67 68 69 70 71 72 73 74 75 76 77 78 79 80 81 82 83 84 85 86 87 88 89 90 91 92 93 94 95 96 97 98 99
  Ant 96 path: 0 10 9 8 14 15 3 2 1 0 10 11 12 13 14 8 7 6 5 19 18 17 16 15 3 2 1 0 10 11 12 13 14 8 7 6 5 19 20 21 22 23 24 25 26 27 28 29 30 31 32 33 34 35 36 37 38 39 40 41 42 43 44 45 46 47 48 49 50 51 52 53 54 55 56 57 58 59 60 61 62 63 64 65 66 67 68 69 70 71 72 73 74 75 76 77 78 79 80 81 82 83 84 85 86 87 88 89 90 91 92 93 94 95 96 97